0 0 0 -0.25 -0.65
1 0 0 0 0.95
1 1 0 0 -0.9
2 1 0.9 0.05 0
2 2 0.25 0 -0.1
2 6 0.25 0 0.1
2 10 -0.95 -0.1 0
3 2 0 0 1
3 3 0 0 -0.9
4 3 0 0 0.85
4 4 0 0 -0.92
5 4 0 0 0.92
5 5 0 0 -0.95
6 5 0 0 1
7 6 0 0 1
7 7 0 0 -0.9
8 7 0 0 0.85
8 8 0 0 -0.92
9 8 0 0 0.92
9 9 0 0 -0.95
10 9 0 0 1
11 10 0 -0.25 0.9
11 11 0 0 -0.9
12 11 0.5 0 0
12 12 0 0 -0.6
12 17 0 0 0.6
13 12 0 0 0.95
13 13 0 0.15 -0.85
14 13 0 0 0.9
14 14 0 0 -1
15 14 0 0.25 0.25
15 15 0 2 -1
16 15 -1 0 0
17 16 0 0 0.95
17 17 0 0.15 -0.85
18 17 0 0 0.9
18 18 0 0 -1
19 18 0 0.25 0.25
19 19 0 2 -1
20 19 1 0 0
