0 0.26 0.26 0.26 1 0 0 0
1 0.09 0.09 0.1 1 0 0 0
2 0.27 0.27 0.32 1 0 0 0
2 0.12 0.12 0.18 1 0 0 0
2 0.1 0.1 0.34 1 0 0 0
2 0.08 0.08 0.32 1 0 0 0
0 0.11 0.11 0.11 1 0 0 0
2 0.12 0.12 0.18 1 0 0 0
2 0.1 0.1 0.34 1 0 0 0
2 0.08 0.08 0.32 1 0 0 0
0 0.11 0.11 0.11 1 0 0 0
1 0.26 0.21 0.26 1 0 0 0
2 0.2 0.2 0.31 1 0 0 0
2 0.16 0.16 0.5 1 0 0 0
2 0.12 0.12 0.48 1 0 0 0
0 0.12 0.12 0.12 1 0 0 0
2 0.06 0.06 0.11 1 0 0 0
2 0.16 0.16 0.5 1 0 0 0
2 0.12 0.12 0.48 1 0 0 0
0 0.12 0.12 0.12 1 0 0 0
2 0.06 0.06 0.11 1 0 0 0
