-0.0767 -0.0895 0.0049
-0.0589 0.0609 0.0417
0.0748 0.0327 0.0303
0.0639 -0.101 -0.0178
-0.108 -0.0089 0.0609
0.1062 0.0655 0.0785
0.0326 -0.1192 -0.0772
0.0711 -0.0582 0.0786
0.0388 -0.0155 0.1577
0.0412 0.0017 -0.0606
-0.02 -0.06 -0.13
-0.01 -0.03 -0.16
0 0 -0.17
0.01 0.01 -0.16
0.0461 -0.0417 0.0048
0.0427 0.008 0.0017
0.01 0.07 -0.03
0.02 0.1 -0.09
-0.0107 -0.1014 -0.037
-0.0128 -0.0424 0.0935
0.003 0.0647 0.1546
-0.0061 -0.0182 -0.046
-0.05 -0.05 -0.12
-0.06 -0.03 -0.14
-0.07 0 -0.16
-0.06 0.04 -0.15
0.0064 -0.0249 0.0041
-0.0076 0.0212 -0.0008
0 0.08 -0.04
-0.02 0.11 -0.09
-0.0462 0.0933 0.0428
0.012 0.0795 0.0378
0.0113 -0.1688 -0.0516
0.04 -0.1851 0.0569
-0.0039 -0.133 0.1167
0.002 -0.1541 -0.0999
0.0344 0.0607 -0.1426
0.0329 0.0644 -0.1958
0.0285 0.0422 0.0228
-0.0048 0.0294 -0.1827
-0.03 -0.0547 -0.0079
-0.0003 0.0104 -0.0429
0.0174 0.038 0.0225
0.0355 0.0842 0.1036
-0.0123 0.0878 -0.237
-0.0071 0.0579 0.0023
0.0184 0.0538 -0.171
0.0099 -0.0353 0
-0.0033 0.0356 -0.0387
-0.0142 0.0434 0.0336
